[app/ui]
version = 8.1.3
modtime = 1624563452.616657000

[app/launcher]
version = 8.1.3
modtime = 1624563452.618789000
